[SPI_COMM]
SPI_COMM_en = 1.000000
NoLimits = 0.000000

[ASIC_IDs]
ASIC_IDs_en = 1.000000
NoLimits = 0.000000

[Temperature_Read]
Temperature_Read_en = 1.000000
Temperature-max = 35.500000

[Img_Cal_Acq]
Img_Cal_Acq_en = 1.000000
pixel-min =80.000000
pixel-max = 210.000000
RemoveEdge-Top = 2.000000
RemoveEdge-Bottom = 2.000000
RemoveEdge-Left = 2.000000
RemoveEdge-Right = 2.000000
signal-min = 14.000000
signal-max = 100.000000
noise-min = 0.500000
noise-max = 4.000000
snr-min = 19.000000
snr-max = 100.000000
snr_zone-min = 16.00000
snr_zone-max = 31.000000
snr_z_var-min = 0.000000
snr_z_var-max = 12.00000
gainzavg-min = 70.000000
gainzavg-max = 220.000000
noise_NUM1-min = 0.000000
noise_NUM1-max = 0.900000
noise_NUM2-min = 0.000000
noise_NUM2-max = 0.900000
contrast-minDelta = 12.000000
maxBadClusterCount-Contrast = 4.000000
maxPerClusterFails-Image = 10.000000
maxOverallClusterFails-Image = 15.000000
ToF_max = 1526.000000
ToF_min = 776.000000
ToF-AvgRange = 25.000000
maxOverallClusterFails-ToF = 17.000000
pixeldatanoise-max = 5.000000
maxPixeldatanoiseFails = 5.000000
maxPixeldatanoiseZeros = 5.000000

[OTP_Write]
OTP_Write_en = 1.000000
NoLimits = 0.000000
MT_Bit_Chk = 0.000000

[Misc]
QA_Mode = 0.000000
Flex_Mode = 0.000000
SaveCalFiles = 0.000000
Cal_mode = 18.000000
Engr_Mode = 1.000000
ImgAddr = 106182.000000
StackAddr = 114688.000000
scanMode = 3.000000
Set_0 = 800.000000
Set_1 = 1100.000000
Set_2 = -1.000000
Set_3 = 1.000000
Set_4 = 1.000000
Set_5 = -1.000000
Set_6 = 6.000000
Set_7 = 5.000000
Set_8 = 0.000000
Set_9 = 4.000000
Set_10 = 6.000000
Set_11 = 300.000000
Set_12 = 0.000000
Set_13 = 3.000000
Set_14 = -1.000000
Set_15 = -1.000000
Set_16 = -1.000000
Set_17 = -1.000000
Set_18 = -1.000000
Set_19 = 14.000000
Set_20 = 1.000000
Set_21 = -1.000000
Set_22 = -1.000000
Set_23 = -1.000000
Set_24 = -1.000000
Set_25 = -1.000000
Set_26 = -1.000000
Set_27 = -1.000000
Set_28 = 16.000000